1 -2405
2 -764
3 -4539
4 -1841
5 -4819
6 -689
7 -2918
8 -1997
9 -2744
21 2184
41 500
23 1726
45 591
6 3140
5 4787
20 3083
43 3465
48 4508
6 3805
49 3612
23 2829
50 2344
47 569
41 423
12 3811
6 1802
12 3731
29 1306
21 3737
45 3627
23 3466
9 3417
33 3259
25 2638
13 625
1 2037
3 1900
30 551
19 72
24 2132
32 4931
34 895
11 164
50 2982
50 2997
10 3774
14 4669
41 1096
27 1467
35 1341
41 2685
27 543
37 4108
46 4757
30 3419
38 4413
49 2173
10 2010
37 211
43 2588
7 4302
14 2373
22 1256
20 4600
22 4905
40 4812
41 668
6 1229
28 4151
35 1659
21 4225
23 2270
47 4082
31 85
43 1973
23 3851
26 386
23 4300
41 1043
49 714
49 1191
25 2591
10 3582
20 4337
33 1156
45 3005
30 4770
24 1777
1 2256
11 3143
30 885
44 3206
22 4568
5 614
12 2755
27 4260
45 3203
3 3507
35 2022
43 869
